x_all 
[[ 56   6   1  86  32   2   0 100  -7   7   8   3   3  33   0   1   1  18
   92   5   2   1  47]
 [ 81   6   1  86  32   0   2 100  -7   7   8   3   3  33   0   9   1  18
   92   5   2   1  47]
 [ 81   6   1  86  32   0   0 100  -7   7   8   3   3  33   0   1   1  18
   92   6   2   8  47]
 [ 81   6   1  86  32   0   0 100  -7   7   8   3   3  33   5   1   1  18
   92  12   2   7  47]
 [ 81   6   1  86  32   0   0 100  -7   7   6   3   3  33   0   8   1  18
   92   5   3   1  47]
 [ 81   6   1  86  32   0   0 100  -7   7   8   3   3  33   0   1   1  18
   92  12   2   1  47]
 [ 81   6   1  86  32   3   0 100  -7   7   8   3   3  33   0   1   1  18
   92  12   2   1  47]
 [ 81   6   1  86  32   0   0 100  -7   7   8   3   3  33  -7   1   1  18
   92  12   2   1  47]
 [ 81   6   1  86  30   0   0 100  -7   6   8   3   3  33   5   9   1  18
   92   6   2   1  47]
 [ 81   6   1  86  32   0   0  95  -7   7   8   3   3  33   0   6   0  18
   92   5   2   1  47]]
 x_changes 
[[25  0  0  0  0 -2  0  0  0  0  0  0  0  0  5  0  0  0  0  0  0  0  0]
 [ 0  0  0  0  0  0 -2  0  0  0  0  0  0  0  5 -8  0  0  0  0  0  0  0]
 [ 0  0  0  0  0  0  0  0  0  0  0  0  0  0  5  0  0  0  0 -1  0 -7  0]
 [ 0  0  0  0  0  0  0  0  0  0  0  0  0  0  0  0  0  0  0 -7  0 -6  0]
 [ 0  0  0  0  0  0  0  0  0  0  2  0  0  0  5 -7  0  0  0  0 -1  0  0]
 [ 0  0  0  0  0  0  0  0  0  0  0  0  0  0  5  0  0  0  0 -7  0  0  0]
 [ 0  0  0  0  0 -3  0  0  0  0  0  0  0  0  5  0  0  0  0 -7  0  0  0]
 [ 0  0  0  0  0  0  0  0  0  0  0  0  0  0 12  0  0  0  0 -7  0  0  0]
 [ 0  0  0  0  2  0  0  0  0  1  0  0  0  0  0 -8  0  0  0 -1  0  0  0]
 [ 0  0  0  0  0  0  0  5  0  0  0  0  0  0  5 -5  1  0  0  0  0  0  0]]
 x_success 
[[ 56   6   1  86  32   2   0 100  -7   7   8   3   3  33   0   1   1  18
   92   5   2   1  47]
 [ 81   6   1  86  32   0   2 100  -7   7   8   3   3  33   0   9   1  18
   92   5   2   1  47]
 [ 81   6   1  86  32   0   0 100  -7   7   8   3   3  33   0   1   1  18
   92   6   2   8  47]
 [ 81   6   1  86  32   0   0 100  -7   7   8   3   3  33   5   1   1  18
   92  12   2   7  47]
 [ 81   6   1  86  32   0   0 100  -7   7   6   3   3  33   0   8   1  18
   92   5   3   1  47]
 [ 81   6   1  86  32   0   0 100  -7   7   8   3   3  33   0   1   1  18
   92  12   2   1  47]
 [ 81   6   1  86  32   3   0 100  -7   7   8   3   3  33   0   1   1  18
   92  12   2   1  47]
 [ 81   6   1  86  32   0   0 100  -7   7   8   3   3  33  -7   1   1  18
   92  12   2   1  47]
 [ 81   6   1  86  30   0   0 100  -7   6   8   3   3  33   5   9   1  18
   92   6   2   1  47]
 [ 81   6   1  86  32   0   0  95  -7   7   8   3   3  33   0   6   0  18
   92   5   2   1  47]]
 results 
[[ 8.10000000e+01  6.00000000e+00  1.00000000e+00  8.60000000e+01
   3.20000000e+01  0.00000000e+00  0.00000000e+00  1.00000000e+02
  -7.00000000e+00  7.00000000e+00  8.00000000e+00  3.00000000e+00
   3.00000000e+00  3.30000000e+01  5.00000000e+00  1.00000000e+00
   1.00000000e+00  1.80000000e+01  9.20000000e+01  5.00000000e+00
   2.00000000e+00  1.00000000e+00  4.70000000e+01  5.90000004e-02
   9.40999985e-01]
 [ 5.60000000e+01  6.00000000e+00  1.00000000e+00  8.60000000e+01
   3.20000000e+01  2.00000000e+00  0.00000000e+00  1.00000000e+02
  -7.00000000e+00  7.00000000e+00  8.00000000e+00  3.00000000e+00
   3.00000000e+00  3.30000000e+01  0.00000000e+00  1.00000000e+00
   1.00000000e+00  1.80000000e+01  9.20000000e+01  5.00000000e+00
   2.00000000e+00  1.00000000e+00  4.70000000e+01  5.78999996e-01
   4.21000004e-01]
 [ 8.10000000e+01  6.00000000e+00  1.00000000e+00  8.60000000e+01
   3.20000000e+01  0.00000000e+00  2.00000000e+00  1.00000000e+02
  -7.00000000e+00  7.00000000e+00  8.00000000e+00  3.00000000e+00
   3.00000000e+00  3.30000000e+01  0.00000000e+00  9.00000000e+00
   1.00000000e+00  1.80000000e+01  9.20000000e+01  5.00000000e+00
   2.00000000e+00  1.00000000e+00  4.70000000e+01  7.20000029e-01
   2.80000001e-01]
 [ 8.10000000e+01  6.00000000e+00  1.00000000e+00  8.60000000e+01
   3.20000000e+01  0.00000000e+00  0.00000000e+00  1.00000000e+02
  -7.00000000e+00  7.00000000e+00  8.00000000e+00  3.00000000e+00
   3.00000000e+00  3.30000000e+01  0.00000000e+00  1.00000000e+00
   1.00000000e+00  1.80000000e+01  9.20000000e+01  6.00000000e+00
   2.00000000e+00  8.00000000e+00  4.70000000e+01  5.59000015e-01
   4.41000015e-01]
 [ 8.10000000e+01  6.00000000e+00  1.00000000e+00  8.60000000e+01
   3.20000000e+01  0.00000000e+00  0.00000000e+00  1.00000000e+02
  -7.00000000e+00  7.00000000e+00  8.00000000e+00  3.00000000e+00
   3.00000000e+00  3.30000000e+01  5.00000000e+00  1.00000000e+00
   1.00000000e+00  1.80000000e+01  9.20000000e+01  1.20000000e+01
   2.00000000e+00  7.00000000e+00  4.70000000e+01  6.48999989e-01
   3.51000011e-01]
 [ 8.10000000e+01  6.00000000e+00  1.00000000e+00  8.60000000e+01
   3.20000000e+01  0.00000000e+00  0.00000000e+00  1.00000000e+02
  -7.00000000e+00  7.00000000e+00  6.00000000e+00  3.00000000e+00
   3.00000000e+00  3.30000000e+01  0.00000000e+00  8.00000000e+00
   1.00000000e+00  1.80000000e+01  9.20000000e+01  5.00000000e+00
   3.00000000e+00  1.00000000e+00  4.70000000e+01  5.12000024e-01
   4.88000005e-01]
 [ 8.10000000e+01  6.00000000e+00  1.00000000e+00  8.60000000e+01
   3.20000000e+01  0.00000000e+00  0.00000000e+00  1.00000000e+02
  -7.00000000e+00  7.00000000e+00  8.00000000e+00  3.00000000e+00
   3.00000000e+00  3.30000000e+01  0.00000000e+00  1.00000000e+00
   1.00000000e+00  1.80000000e+01  9.20000000e+01  1.20000000e+01
   2.00000000e+00  1.00000000e+00  4.70000000e+01  5.23000002e-01
   4.76999998e-01]
 [ 8.10000000e+01  6.00000000e+00  1.00000000e+00  8.60000000e+01
   3.20000000e+01  3.00000000e+00  0.00000000e+00  1.00000000e+02
  -7.00000000e+00  7.00000000e+00  8.00000000e+00  3.00000000e+00
   3.00000000e+00  3.30000000e+01  0.00000000e+00  1.00000000e+00
   1.00000000e+00  1.80000000e+01  9.20000000e+01  1.20000000e+01
   2.00000000e+00  1.00000000e+00  4.70000000e+01  6.42000020e-01
   3.58000010e-01]
 [ 8.10000000e+01  6.00000000e+00  1.00000000e+00  8.60000000e+01
   3.20000000e+01  0.00000000e+00  0.00000000e+00  1.00000000e+02
  -7.00000000e+00  7.00000000e+00  8.00000000e+00  3.00000000e+00
   3.00000000e+00  3.30000000e+01 -7.00000000e+00  1.00000000e+00
   1.00000000e+00  1.80000000e+01  9.20000000e+01  1.20000000e+01
   2.00000000e+00  1.00000000e+00  4.70000000e+01  5.46999991e-01
   4.53000009e-01]
 [ 8.10000000e+01  6.00000000e+00  1.00000000e+00  8.60000000e+01
   3.00000000e+01  0.00000000e+00  0.00000000e+00  1.00000000e+02
  -7.00000000e+00  6.00000000e+00  8.00000000e+00  3.00000000e+00
   3.00000000e+00  3.30000000e+01  5.00000000e+00  9.00000000e+00
   1.00000000e+00  1.80000000e+01  9.20000000e+01  6.00000000e+00
   2.00000000e+00  1.00000000e+00  4.70000000e+01  5.92000008e-01
   4.07999992e-01]
 [ 8.10000000e+01  6.00000000e+00  1.00000000e+00  8.60000000e+01
   3.20000000e+01  0.00000000e+00  0.00000000e+00  9.50000000e+01
  -7.00000000e+00  7.00000000e+00  8.00000000e+00  3.00000000e+00
   3.00000000e+00  3.30000000e+01  0.00000000e+00  6.00000000e+00
   0.00000000e+00  1.80000000e+01  9.20000000e+01  5.00000000e+00
   2.00000000e+00  1.00000000e+00  4.70000000e+01  5.97000003e-01
   4.02999997e-01]]