[20000     1     1     2    33     2     2     2     2     2     2 17971
 17399 19057 18453 19755 19288     0  2260     0  1600     0   644][20000     1     1     2    33     2     2     2     2     2     2 17971
 17399 19057 18453 19755 19288     0  2260     0  1600     0   644][20000     1     1     2    33     2     2     2     2     2     2 17971
 17399 19057 18453 19755 19288     0  2260     0  1600     0   644][20000     1     1     2    33     2     2     2     2     2     2 17971
 17399 19057 18453 19755 19288     0  2260     0  1600     0   644][20000     1     1     2    33     2     2     2     2     2     2 17971
 17399 19057 18453 19755 19288     0  2260     0  1600     0   644][20000     1     1     2    33     2     2     2     2     2     2 17971
 17399 19057 18453 19755 19288     0  2260     0  1600     0   644][20000     1     1     2    33     2     2     2     2     2     2 17971
 17399 19057 18453 19755 19288     0  2260     0  1600     0   644][20000     1     1     2    33     2     2     2     2     2     2 17971
 17399 19057 18453 19755 19288     0  2260     0  1600     0   644][20000     1     1     2    33     2     2     2     2     2     2 17971
 17399 19057 18453 19755 19288     0  2260     0  1600     0   644][20000     1     1     2    33     2     2     2     2     2     2 17971
 17399 19057 18453 19755 19288     0  2260     0  1600     0   644]