x_all 
[[ 3.00000e+05  3.00000e+00  2.30000e+01 -2.00000e+00 -2.00000e+00
   1.43121e+05  1.47527e+05  8.26900e+03  6.82500e+03  0.00000e+00
   0.00000e+00  1.00000e+00  0.00000e+00  0.00000e+00]
 [ 3.00000e+05  3.00000e+00  2.30000e+01 -2.00000e+00 -1.00000e+00
   1.43121e+05  1.47527e+05  8.26900e+03  6.82500e+03  0.00000e+00
   0.00000e+00  1.00000e+00  0.00000e+00  0.00000e+00]
 [ 3.00000e+05  3.00000e+00  2.20000e+01 -2.00000e+00 -1.00000e+00
   1.43121e+05  1.47527e+05  8.26900e+03  6.82500e+03  0.00000e+00
   0.00000e+00  1.00000e+00  0.00000e+00  0.00000e+00]
 [ 3.00000e+05  3.00000e+00  2.30000e+01 -2.00000e+00 -1.00000e+00
   1.43121e+05  1.47527e+05  8.26900e+03  6.82500e+03  0.00000e+00
   0.00000e+00  1.00000e+00  0.00000e+00  0.00000e+00]
 [ 3.00000e+05  3.00000e+00  2.30000e+01 -2.00000e+00 -1.00000e+00
   1.43121e+05  1.47527e+05  8.26900e+03  6.82500e+03  0.00000e+00
   0.00000e+00  1.00000e+00  0.00000e+00  0.00000e+00]
 [ 3.00000e+05  3.00000e+00  2.30000e+01 -2.00000e+00 -1.00000e+00
   1.43121e+05  1.47527e+05  8.26900e+03  6.82500e+03  0.00000e+00
   0.00000e+00  1.00000e+00  0.00000e+00  0.00000e+00]
 [ 3.00000e+05  3.00000e+00  2.30000e+01 -2.00000e+00 -1.00000e+00
   1.43121e+05  1.47527e+05  8.26900e+03  6.82500e+03  0.00000e+00
   0.00000e+00  1.00000e+00  0.00000e+00  0.00000e+00]
 [ 3.00000e+05  3.00000e+00  2.30000e+01 -2.00000e+00 -1.00000e+00
   1.43121e+05  1.47527e+05  8.26900e+03  6.82500e+03  0.00000e+00
   0.00000e+00  1.00000e+00  0.00000e+00  0.00000e+00]
 [ 3.00000e+05  3.00000e+00  2.30000e+01 -2.00000e+00 -1.00000e+00
   1.43121e+05  1.47527e+05  8.26900e+03  6.82500e+03  0.00000e+00
   0.00000e+00  1.00000e+00  0.00000e+00  0.00000e+00]
 [ 3.00000e+05  3.00000e+00  2.20000e+01 -2.00000e+00 -2.00000e+00
   1.43121e+05  1.47527e+05  8.26900e+03  6.82500e+03  0.00000e+00
   0.00000e+00  1.00000e+00  0.00000e+00  0.00000e+00]]
 x_changes 
[[ 0. -2. 28.  2.  2.  0.  0.  0.  0.  1.  0.  0.  0.  0.]
 [ 0. -2. 28.  2.  1.  0.  0.  0.  0.  1.  0.  0.  0.  0.]
 [ 0. -2. 29.  2.  1.  0.  0.  0.  0.  1.  0.  0.  0.  0.]
 [ 0. -2. 28.  2.  1.  0.  0.  0.  0.  1.  0.  0.  0.  0.]
 [ 0. -2. 28.  2.  1.  0.  0.  0.  0.  1.  0.  0.  0.  0.]
 [ 0. -2. 28.  2.  1.  0.  0.  0.  0.  1.  0.  0.  0.  0.]
 [ 0. -2. 28.  2.  1.  0.  0.  0.  0.  1.  0.  0.  0.  0.]
 [ 0. -2. 28.  2.  1.  0.  0.  0.  0.  1.  0.  0.  0.  0.]
 [ 0. -2. 28.  2.  1.  0.  0.  0.  0.  1.  0.  0.  0.  0.]
 [ 0. -2. 29.  2.  2.  0.  0.  0.  0.  1.  0.  0.  0.  0.]]
 x_success 
[[ 3.00000e+05  3.00000e+00  2.30000e+01 -2.00000e+00 -2.00000e+00
   1.43121e+05  1.47527e+05  8.26900e+03  6.82500e+03  0.00000e+00
   0.00000e+00  1.00000e+00  0.00000e+00  0.00000e+00]
 [ 3.00000e+05  3.00000e+00  2.30000e+01 -2.00000e+00 -1.00000e+00
   1.43121e+05  1.47527e+05  8.26900e+03  6.82500e+03  0.00000e+00
   0.00000e+00  1.00000e+00  0.00000e+00  0.00000e+00]
 [ 3.00000e+05  3.00000e+00  2.20000e+01 -2.00000e+00 -1.00000e+00
   1.43121e+05  1.47527e+05  8.26900e+03  6.82500e+03  0.00000e+00
   0.00000e+00  1.00000e+00  0.00000e+00  0.00000e+00]
 [ 3.00000e+05  3.00000e+00  2.30000e+01 -2.00000e+00 -1.00000e+00
   1.43121e+05  1.47527e+05  8.26900e+03  6.82500e+03  0.00000e+00
   0.00000e+00  1.00000e+00  0.00000e+00  0.00000e+00]
 [ 3.00000e+05  3.00000e+00  2.30000e+01 -2.00000e+00 -1.00000e+00
   1.43121e+05  1.47527e+05  8.26900e+03  6.82500e+03  0.00000e+00
   0.00000e+00  1.00000e+00  0.00000e+00  0.00000e+00]
 [ 3.00000e+05  3.00000e+00  2.30000e+01 -2.00000e+00 -1.00000e+00
   1.43121e+05  1.47527e+05  8.26900e+03  6.82500e+03  0.00000e+00
   0.00000e+00  1.00000e+00  0.00000e+00  0.00000e+00]
 [ 3.00000e+05  3.00000e+00  2.30000e+01 -2.00000e+00 -1.00000e+00
   1.43121e+05  1.47527e+05  8.26900e+03  6.82500e+03  0.00000e+00
   0.00000e+00  1.00000e+00  0.00000e+00  0.00000e+00]
 [ 3.00000e+05  3.00000e+00  2.30000e+01 -2.00000e+00 -1.00000e+00
   1.43121e+05  1.47527e+05  8.26900e+03  6.82500e+03  0.00000e+00
   0.00000e+00  1.00000e+00  0.00000e+00  0.00000e+00]
 [ 3.00000e+05  3.00000e+00  2.30000e+01 -2.00000e+00 -1.00000e+00
   1.43121e+05  1.47527e+05  8.26900e+03  6.82500e+03  0.00000e+00
   0.00000e+00  1.00000e+00  0.00000e+00  0.00000e+00]
 [ 3.00000e+05  3.00000e+00  2.20000e+01 -2.00000e+00 -2.00000e+00
   1.43121e+05  1.47527e+05  8.26900e+03  6.82500e+03  0.00000e+00
   0.00000e+00  1.00000e+00  0.00000e+00  0.00000e+00]]
 original instance 
[[3.00000e+05]
 [1.00000e+00]
 [5.10000e+01]
 [0.00000e+00]
 [0.00000e+00]
 [1.43121e+05]
 [1.47527e+05]
 [8.26900e+03]
 [6.82500e+03]
 [1.00000e+00]
 [0.00000e+00]
 [1.00000e+00]
 [0.00000e+00]
 [0.00000e+00]]