x_all 
[[5.8 2.8 1.4 2.4]
 [5.8 2.8 1.5 2.4]
 [5.8 2.8 1.7 2.4]
 [5.8 2.8 1.6 2.4]
 [5.8 2.8 1.4 2.4]
 [5.8 2.8 1.7 2.4]
 [5.8 2.8 1.5 2.4]
 [5.8 2.8 1.5 2.4]
 [5.8 2.8 1.7 2.4]
 [5.8 2.8 1.6 2.4]]
 x_changes 
[[0.  0.  3.7 0. ]
 [0.  0.  3.6 0. ]
 [0.  0.  3.4 0. ]
 [0.  0.  3.5 0. ]
 [0.  0.  3.7 0. ]
 [0.  0.  3.4 0. ]
 [0.  0.  3.6 0. ]
 [0.  0.  3.6 0. ]
 [0.  0.  3.4 0. ]
 [0.  0.  3.5 0. ]]
 x_success 
[[5.8 2.8 1.4 2.4]
 [5.8 2.8 1.5 2.4]
 [5.8 2.8 1.7 2.4]
 [5.8 2.8 1.6 2.4]
 [5.8 2.8 1.4 2.4]
 [5.8 2.8 1.7 2.4]
 [5.8 2.8 1.5 2.4]
 [5.8 2.8 1.5 2.4]
 [5.8 2.8 1.7 2.4]
 [5.8 2.8 1.6 2.4]]
 original instance 
[[5.8]
 [2.8]
 [5.1]
 [2.4]]