x_all 
[[0.15686275 0.55555556 0.06910668 0.96157074 0.75111273 0.60607406
  1.         0.         0.         1.         0.         1.
  0.         0.        ]
 [0.11764706 0.55555556 0.0708785  0.96157074 0.75111273 0.60607406
  1.         0.         0.         1.         0.         1.
  0.         0.        ]
 [0.03921569 0.55555556 0.52527446 0.96157074 0.26841675 0.60607406
  1.         0.         0.         1.         0.         1.
  0.         0.        ]
 [0.25490196 0.03703704 0.8955554  0.96157074 0.75111273 0.60607406
  1.         0.         0.         1.         0.         1.
  0.         0.        ]
 [0.07843137 0.55555556 0.06274319 0.96157074 0.75111273 0.60607406
  1.         0.         0.         1.         0.         1.
  0.         0.        ]
 [0.07843137 0.55555556 0.06908931 0.96157074 0.75111273 0.60607406
  1.         0.         0.         1.         0.         1.
  0.         0.        ]
 [0.09803922 0.55555556 0.06569043 0.96157074 0.75111273 0.60607406
  1.         0.         0.         1.         0.         1.
  0.         0.        ]
 [0.25490196 0.55555556 0.06684848 0.96157074 0.75111273 0.60607406
  1.         0.         0.         1.         0.         1.
  0.         0.        ]
 [0.25490196 0.55555556 0.06910668 0.96157074 0.75111273 0.60607406
  1.         0.         0.         1.         0.         1.
  0.         0.        ]
 [0.25490196 0.55555556 0.06684848 0.96157074 0.75111273 0.60607406
  1.         0.         0.         1.         0.         1.
  0.         0.        ]]
 x_changes 
[[0.41176471 0.         0.82644872 0.         0.         0.
  0.         0.         0.         0.         0.         0.
  0.         0.        ]
 [0.45098039 0.         0.8246769  0.         0.         0.
  0.         0.         0.         0.         0.         0.
  0.         0.        ]
 [0.52941176 0.         0.37028094 0.         0.48269598 0.
  0.         0.         0.         0.         0.         0.
  0.         0.        ]
 [0.31372549 0.51851852 0.         0.         0.         0.
  0.         0.         0.         0.         0.         0.
  0.         0.        ]
 [0.49019608 0.         0.83281221 0.         0.         0.
  0.         0.         0.         0.         0.         0.
  0.         0.        ]
 [0.49019608 0.         0.82646609 0.         0.         0.
  0.         0.         0.         0.         0.         0.
  0.         0.        ]
 [0.47058824 0.         0.82986497 0.         0.         0.
  0.         0.         0.         0.         0.         0.
  0.         0.        ]
 [0.31372549 0.         0.82870692 0.         0.         0.
  0.         0.         0.         0.         0.         0.
  0.         0.        ]
 [0.31372549 0.         0.82644872 0.         0.         0.
  0.         0.         0.         0.         0.         0.
  0.         0.        ]
 [0.31372549 0.         0.82870692 0.         0.         0.
  0.         0.         0.         0.         0.         0.
  0.         0.        ]]
 x_success 
[[0.15686275 0.55555556 0.06910668 0.96157074 0.75111273 0.60607406
  1.         0.         0.         1.         0.         1.
  0.         0.        ]
 [0.11764706 0.55555556 0.0708785  0.96157074 0.75111273 0.60607406
  1.         0.         0.         1.         0.         1.
  0.         0.        ]
 [0.03921569 0.55555556 0.52527446 0.96157074 0.26841675 0.60607406
  1.         0.         0.         1.         0.         1.
  0.         0.        ]
 [0.25490196 0.03703704 0.8955554  0.96157074 0.75111273 0.60607406
  1.         0.         0.         1.         0.         1.
  0.         0.        ]
 [0.07843137 0.55555556 0.06274319 0.96157074 0.75111273 0.60607406
  1.         0.         0.         1.         0.         1.
  0.         0.        ]
 [0.07843137 0.55555556 0.06908931 0.96157074 0.75111273 0.60607406
  1.         0.         0.         1.         0.         1.
  0.         0.        ]
 [0.09803922 0.55555556 0.06569043 0.96157074 0.75111273 0.60607406
  1.         0.         0.         1.         0.         1.
  0.         0.        ]
 [0.25490196 0.55555556 0.06684848 0.96157074 0.75111273 0.60607406
  1.         0.         0.         1.         0.         1.
  0.         0.        ]
 [0.25490196 0.55555556 0.06910668 0.96157074 0.75111273 0.60607406
  1.         0.         0.         1.         0.         1.
  0.         0.        ]
 [0.25490196 0.55555556 0.06684848 0.96157074 0.75111273 0.60607406
  1.         0.         0.         1.         0.         1.
  0.         0.        ]]
 original instance 
[[0.56862745]
 [0.55555556]
 [0.8955554 ]
 [0.96157074]
 [0.75111273]
 [0.60607406]
 [1.        ]
 [0.        ]
 [0.        ]
 [1.        ]
 [0.        ]
 [1.        ]
 [0.        ]
 [0.        ]]