x_all 
[[0.66666667 0.84210526 0.55332809 0.25       1.         1.
  0.33333333 0.26666667 0.         0.66666667 0.         0.
  0.         0.         1.         0.         0.         0.
  1.         0.         0.         0.         0.         1.
  0.         0.         0.         0.         0.         1.
  0.         0.         1.         1.         0.         0.
  0.         0.         1.         0.         0.         1.
  0.         1.         0.         0.         1.        ]
 [0.66666667 0.84210526 0.55332809 0.25       1.         1.
  0.33333333 0.26666667 0.         0.66666667 0.         0.
  0.         0.         1.         0.         0.         0.
  0.         0.         0.         0.         0.         1.
  0.         0.         0.         0.         0.         1.
  0.         0.         1.         1.         0.         0.
  0.         0.         1.         0.         0.         1.
  0.         1.         0.         0.         0.        ]
 [0.66666667 0.84210526 0.55332809 0.25       1.         1.
  0.33333333 0.26666667 0.         0.66666667 0.         0.
  0.         0.         1.         0.         0.         0.
  0.         0.         0.         0.         0.         1.
  0.         0.         0.         0.         0.         1.
  0.         0.         1.         1.         0.         0.
  0.         0.         1.         0.         0.         1.
  0.         1.         0.         1.         1.        ]
 [0.66666667 0.84210526 0.55332809 0.25       1.         1.
  0.33333333 0.26666667 0.         0.66666667 0.         0.
  0.         0.         1.         0.         0.         0.
  0.         0.         0.         0.         0.         1.
  0.         0.         0.         0.         0.         1.
  0.         0.         1.         1.         0.         0.
  0.         0.         1.         0.         0.         1.
  0.         1.         0.         1.         1.        ]
 [0.66666667 0.84210526 0.55332809 0.25       1.         1.
  0.33333333 0.26666667 0.         0.66666667 0.         0.
  0.         0.         1.         0.         0.         0.
  1.         0.         0.         0.         0.         1.
  0.         0.         0.         0.         0.         1.
  0.         0.         1.         1.         0.         0.
  0.         0.         1.         0.         0.         1.
  0.         1.         0.         0.         1.        ]
 [0.66666667 0.84210526 0.55332809 1.         1.         1.
  0.33333333 0.26666667 0.         0.66666667 0.         0.
  0.         0.         1.         0.         0.         0.
  0.         0.         0.         0.         0.         1.
  0.         0.         0.         0.         0.         1.
  0.         0.         1.         1.         0.         0.
  0.         0.         1.         0.         0.         1.
  0.         1.         0.         0.         0.        ]
 [0.66666667 0.84210526 0.55332809 1.         1.         1.
  0.33333333 0.26666667 0.         0.66666667 0.         0.
  1.         0.         1.         0.         0.         0.
  0.         0.         0.         0.         0.         1.
  0.         0.         0.         0.         0.         1.
  0.         0.         1.         1.         0.         0.
  0.         0.         1.         0.         0.         1.
  0.         1.         0.         0.         1.        ]
 [0.66666667 0.84210526 0.55332809 0.25       1.         1.
  0.33333333 0.26666667 0.         0.66666667 0.         0.
  0.         0.         1.         0.         0.         0.
  0.         0.         0.         0.         0.         1.
  0.         0.         0.         0.         0.         1.
  0.         0.         1.         1.         0.         0.
  0.         0.         1.         0.         0.         1.
  0.         1.         0.         0.         0.        ]
 [0.66666667 0.84210526 0.55332809 0.25       1.         1.
  0.33333333 0.26666667 0.         0.66666667 0.         0.
  0.         0.         1.         0.         0.         0.
  1.         0.         0.         0.         0.         1.
  0.         0.         0.         0.         0.         1.
  0.         0.         1.         1.         0.         0.
  0.         0.         1.         0.         0.         1.
  0.         1.         0.         0.         1.        ]
 [0.66666667 0.84210526 0.55332809 0.25       1.         1.
  0.33333333 0.26666667 0.         0.66666667 0.         0.
  0.         0.         1.         0.         0.         0.
  1.         0.         0.         0.         0.         1.
  0.         0.         0.         0.         0.         1.
  0.         0.         1.         1.         0.         0.
  0.         0.         1.         0.         0.         1.
  0.         1.         0.         0.         1.        ]]
 x_changes 
[[ 0.    0.    0.    0.    0.    0.    0.    0.    0.    0.    0.    0.
   0.    0.    0.    0.    0.    0.   -1.    0.    0.    0.    0.    0.
   0.    0.    0.    0.    0.    0.    0.    0.    0.    0.    0.    0.
   0.    0.    0.    0.    0.    0.    0.    0.    0.    0.    0.  ]
 [ 0.    0.    0.    0.    0.    0.    0.    0.    0.    0.    0.    0.
   0.    0.    0.    0.    0.    0.    0.    0.    0.    0.    0.    0.
   0.    0.    0.    0.    0.    0.    0.    0.    0.    0.    0.    0.
   0.    0.    0.    0.    0.    0.    0.    0.    0.    0.    1.  ]
 [ 0.    0.    0.    0.    0.    0.    0.    0.    0.    0.    0.    0.
   0.    0.    0.    0.    0.    0.    0.    0.    0.    0.    0.    0.
   0.    0.    0.    0.    0.    0.    0.    0.    0.    0.    0.    0.
   0.    0.    0.    0.    0.    0.    0.    0.    0.   -1.    0.  ]
 [ 0.    0.    0.    0.    0.    0.    0.    0.    0.    0.    0.    0.
   0.    0.    0.    0.    0.    0.    0.    0.    0.    0.    0.    0.
   0.    0.    0.    0.    0.    0.    0.    0.    0.    0.    0.    0.
   0.    0.    0.    0.    0.    0.    0.    0.    0.   -1.    0.  ]
 [ 0.    0.    0.    0.    0.    0.    0.    0.    0.    0.    0.    0.
   0.    0.    0.    0.    0.    0.   -1.    0.    0.    0.    0.    0.
   0.    0.    0.    0.    0.    0.    0.    0.    0.    0.    0.    0.
   0.    0.    0.    0.    0.    0.    0.    0.    0.    0.    0.  ]
 [ 0.    0.    0.   -0.75  0.    0.    0.    0.    0.    0.    0.    0.
   0.    0.    0.    0.    0.    0.    0.    0.    0.    0.    0.    0.
   0.    0.    0.    0.    0.    0.    0.    0.    0.    0.    0.    0.
   0.    0.    0.    0.    0.    0.    0.    0.    0.    0.    1.  ]
 [ 0.    0.    0.   -0.75  0.    0.    0.    0.    0.    0.    0.    0.
  -1.    0.    0.    0.    0.    0.    0.    0.    0.    0.    0.    0.
   0.    0.    0.    0.    0.    0.    0.    0.    0.    0.    0.    0.
   0.    0.    0.    0.    0.    0.    0.    0.    0.    0.    0.  ]
 [ 0.    0.    0.    0.    0.    0.    0.    0.    0.    0.    0.    0.
   0.    0.    0.    0.    0.    0.    0.    0.    0.    0.    0.    0.
   0.    0.    0.    0.    0.    0.    0.    0.    0.    0.    0.    0.
   0.    0.    0.    0.    0.    0.    0.    0.    0.    0.    1.  ]
 [ 0.    0.    0.    0.    0.    0.    0.    0.    0.    0.    0.    0.
   0.    0.    0.    0.    0.    0.   -1.    0.    0.    0.    0.    0.
   0.    0.    0.    0.    0.    0.    0.    0.    0.    0.    0.    0.
   0.    0.    0.    0.    0.    0.    0.    0.    0.    0.    0.  ]
 [ 0.    0.    0.    0.    0.    0.    0.    0.    0.    0.    0.    0.
   0.    0.    0.    0.    0.    0.   -1.    0.    0.    0.    0.    0.
   0.    0.    0.    0.    0.    0.    0.    0.    0.    0.    0.    0.
   0.    0.    0.    0.    0.    0.    0.    0.    0.    0.    0.  ]]
 x_success 
[[0.66666667 0.84210526 0.55332809 0.25       1.         1.
  0.33333333 0.26666667 0.         0.66666667 0.         0.
  0.         0.         1.         0.         0.         0.
  1.         0.         0.         0.         0.         1.
  0.         0.         0.         0.         0.         1.
  0.         0.         1.         1.         0.         0.
  0.         0.         1.         0.         0.         1.
  0.         1.         0.         0.         1.        ]
 [0.66666667 0.84210526 0.55332809 0.25       1.         1.
  0.33333333 0.26666667 0.         0.66666667 0.         0.
  0.         0.         1.         0.         0.         0.
  0.         0.         0.         0.         0.         1.
  0.         0.         0.         0.         0.         1.
  0.         0.         1.         1.         0.         0.
  0.         0.         1.         0.         0.         1.
  0.         1.         0.         0.         0.        ]
 [0.66666667 0.84210526 0.55332809 0.25       1.         1.
  0.33333333 0.26666667 0.         0.66666667 0.         0.
  0.         0.         1.         0.         0.         0.
  0.         0.         0.         0.         0.         1.
  0.         0.         0.         0.         0.         1.
  0.         0.         1.         1.         0.         0.
  0.         0.         1.         0.         0.         1.
  0.         1.         0.         1.         1.        ]
 [0.66666667 0.84210526 0.55332809 0.25       1.         1.
  0.33333333 0.26666667 0.         0.66666667 0.         0.
  0.         0.         1.         0.         0.         0.
  0.         0.         0.         0.         0.         1.
  0.         0.         0.         0.         0.         1.
  0.         0.         1.         1.         0.         0.
  0.         0.         1.         0.         0.         1.
  0.         1.         0.         1.         1.        ]
 [0.66666667 0.84210526 0.55332809 0.25       1.         1.
  0.33333333 0.26666667 0.         0.66666667 0.         0.
  0.         0.         1.         0.         0.         0.
  1.         0.         0.         0.         0.         1.
  0.         0.         0.         0.         0.         1.
  0.         0.         1.         1.         0.         0.
  0.         0.         1.         0.         0.         1.
  0.         1.         0.         0.         1.        ]
 [0.66666667 0.84210526 0.55332809 1.         1.         1.
  0.33333333 0.26666667 0.         0.66666667 0.         0.
  0.         0.         1.         0.         0.         0.
  0.         0.         0.         0.         0.         1.
  0.         0.         0.         0.         0.         1.
  0.         0.         1.         1.         0.         0.
  0.         0.         1.         0.         0.         1.
  0.         1.         0.         0.         0.        ]
 [0.66666667 0.84210526 0.55332809 1.         1.         1.
  0.33333333 0.26666667 0.         0.66666667 0.         0.
  1.         0.         1.         0.         0.         0.
  0.         0.         0.         0.         0.         1.
  0.         0.         0.         0.         0.         1.
  0.         0.         1.         1.         0.         0.
  0.         0.         1.         0.         0.         1.
  0.         1.         0.         0.         1.        ]
 [0.66666667 0.84210526 0.55332809 0.25       1.         1.
  0.33333333 0.26666667 0.         0.66666667 0.         0.
  0.         0.         1.         0.         0.         0.
  0.         0.         0.         0.         0.         1.
  0.         0.         0.         0.         0.         1.
  0.         0.         1.         1.         0.         0.
  0.         0.         1.         0.         0.         1.
  0.         1.         0.         0.         0.        ]
 [0.66666667 0.84210526 0.55332809 0.25       1.         1.
  0.33333333 0.26666667 0.         0.66666667 0.         0.
  0.         0.         1.         0.         0.         0.
  1.         0.         0.         0.         0.         1.
  0.         0.         0.         0.         0.         1.
  0.         0.         1.         1.         0.         0.
  0.         0.         1.         0.         0.         1.
  0.         1.         0.         0.         1.        ]
 [0.66666667 0.84210526 0.55332809 0.25       1.         1.
  0.33333333 0.26666667 0.         0.66666667 0.         0.
  0.         0.         1.         0.         0.         0.
  1.         0.         0.         0.         0.         1.
  0.         0.         0.         0.         0.         1.
  0.         0.         1.         1.         0.         0.
  0.         0.         1.         0.         0.         1.
  0.         1.         0.         0.         1.        ]]
 original instance 
[[0.66666667]
 [0.84210526]
 [0.55332809]
 [0.25      ]
 [1.        ]
 [1.        ]
 [0.33333333]
 [0.26666667]
 [0.        ]
 [0.66666667]
 [0.        ]
 [0.        ]
 [0.        ]
 [0.        ]
 [1.        ]
 [0.        ]
 [0.        ]
 [0.        ]
 [0.        ]
 [0.        ]
 [0.        ]
 [0.        ]
 [0.        ]
 [1.        ]
 [0.        ]
 [0.        ]
 [0.        ]
 [0.        ]
 [0.        ]
 [1.        ]
 [0.        ]
 [0.        ]
 [1.        ]
 [1.        ]
 [0.        ]
 [0.        ]
 [0.        ]
 [0.        ]
 [1.        ]
 [0.        ]
 [0.        ]
 [1.        ]
 [0.        ]
 [1.        ]
 [0.        ]
 [0.        ]
 [1.        ]]