x_all 
[[4.16666667e-01 3.58433735e-01 2.11432507e-01 4.82954545e-01
  5.44442530e-01 4.51864725e-02 0.00000000e+00 7.81250000e-01
  1.76470588e-01 1.17218470e-01 0.00000000e+00 2.14285714e-01
  1.11987594e-03 1.56816070e-02 3.80425837e-02 9.77935537e-03
  1.67343421e-02 3.15113111e-04 1.08737054e-02 1.81114592e-02
  1.98336571e-03 1.00000000e+00 2.40000000e-01 9.00000000e-02
  2.00000000e-01 7.00000000e-02 4.10000000e-01 2.00000001e-01
  2.61488394e-01 0.00000000e+00 0.00000000e+00 6.08041392e-01
  1.31885788e-01 6.80222293e-01 0.00000000e+00 1.00000000e+00
  1.00000000e+00 0.00000000e+00 0.00000000e+00]
 [4.16666667e-01 3.58433735e-01 2.11432507e-01 4.82954545e-01
  5.44442530e-01 4.51864725e-02 0.00000000e+00 7.81250000e-01
  1.03211217e-01 1.17218470e-01 0.00000000e+00 2.14285714e-01
  1.11987594e-03 1.56816070e-02 3.80425837e-02 9.77935537e-03
  1.67343421e-02 3.15113111e-04 1.08737054e-02 1.81114592e-02
  1.98336571e-03 1.00000000e+00 2.40000000e-01 9.00000000e-02
  2.00000000e-01 7.00000000e-02 4.10000000e-01 2.00000001e-01
  2.61488394e-01 0.00000000e+00 2.00000001e-01 6.08041392e-01
  1.31885788e-01 6.80222293e-01 0.00000000e+00 1.00000000e+00
  1.00000000e+00 0.00000000e+00 0.00000000e+00]
 [4.16666667e-01 3.58433735e-01 2.11432507e-01 4.82954545e-01
  5.44442530e-01 4.51864725e-02 0.00000000e+00 7.81250000e-01
  9.90064201e-02 1.17218470e-01 0.00000000e+00 2.14285714e-01
  1.11987594e-03 1.56816070e-02 3.80425837e-02 9.77935537e-03
  1.67343421e-02 3.15113111e-04 1.08737054e-02 1.81114592e-02
  1.98336571e-03 1.00000000e+00 2.40000000e-01 9.00000000e-02
  2.00000000e-01 7.00000000e-02 4.10000000e-01 2.00000001e-01
  2.61488394e-01 0.00000000e+00 2.00000001e-01 6.08041392e-01
  1.31885788e-01 6.80222293e-01 0.00000000e+00 1.00000000e+00
  1.00000000e+00 0.00000000e+00 0.00000000e+00]
 [4.16666667e-01 3.58433735e-01 2.11432507e-01 4.82954545e-01
  5.44442530e-01 4.51864725e-02 0.00000000e+00 7.81250000e-01
  8.59280237e-02 1.17218470e-01 0.00000000e+00 2.14285714e-01
  1.11987594e-03 1.56816070e-02 3.80425837e-02 9.77935537e-03
  1.67343421e-02 3.15113111e-04 1.08737054e-02 1.81114592e-02
  1.98336571e-03 1.00000000e+00 2.40000000e-01 9.00000000e-02
  2.00000000e-01 7.00000000e-02 4.10000000e-01 2.00000001e-01
  2.61488394e-01 0.00000000e+00 2.00000001e-01 6.08041392e-01
  1.31885788e-01 6.80222293e-01 0.00000000e+00 1.00000000e+00
  1.00000000e+00 0.00000000e+00 0.00000000e+00]
 [4.16666667e-01 3.58433735e-01 2.11432507e-01 4.82954545e-01
  5.44442530e-01 4.51864725e-02 0.00000000e+00 7.81250000e-01
  1.76470588e-01 1.17218470e-01 0.00000000e+00 2.14285714e-01
  1.11987594e-03 1.56816070e-02 3.80425837e-02 9.77935537e-03
  1.67343421e-02 3.15113111e-04 1.08737054e-02 1.81114592e-02
  1.98336571e-03 1.00000000e+00 2.40000000e-01 9.00000000e-02
  2.00000000e-01 7.00000000e-02 4.10000000e-01 2.00000001e-01
  2.61488394e-01 0.00000000e+00 0.00000000e+00 6.08041392e-01
  1.31885788e-01 6.80222293e-01 0.00000000e+00 1.00000000e+00
  1.00000000e+00 0.00000000e+00 0.00000000e+00]
 [4.16666667e-01 3.58433735e-01 2.11432507e-01 4.82954545e-01
  5.44442530e-01 4.51864725e-02 0.00000000e+00 7.81250000e-01
  2.94117647e-02 1.17218470e-01 0.00000000e+00 2.14285714e-01
  1.11987594e-03 1.56816070e-02 3.80425837e-02 9.77935537e-03
  1.67343421e-02 3.15113111e-04 1.08737054e-02 1.81114592e-02
  1.98336571e-03 1.00000000e+00 2.40000000e-01 9.00000000e-02
  2.00000000e-01 7.00000000e-02 4.10000000e-01 2.00000001e-01
  2.61488394e-01 0.00000000e+00 2.00000001e-01 6.08041392e-01
  1.31885788e-01 6.80222293e-01 0.00000000e+00 1.00000000e+00
  1.00000000e+00 0.00000000e+00 0.00000000e+00]
 [4.16666667e-01 3.58433735e-01 2.11432507e-01 4.82954545e-01
  5.44442530e-01 4.51864725e-02 0.00000000e+00 7.81250000e-01
  1.76470588e-01 1.17218470e-01 0.00000000e+00 2.14285714e-01
  1.11987594e-03 1.56816070e-02 3.80425837e-02 9.77935537e-03
  1.67343421e-02 3.15113111e-04 1.08737054e-02 1.81114592e-02
  1.98336571e-03 1.00000000e+00 2.40000000e-01 9.00000000e-02
  2.00000000e-01 7.00000000e-02 4.10000000e-01 2.03506575e-01
  2.61488394e-01 0.00000000e+00 0.00000000e+00 6.08041392e-01
  1.31885788e-01 6.80222293e-01 0.00000000e+00 1.00000000e+00
  1.00000000e+00 0.00000000e+00 0.00000000e+00]
 [4.16666667e-01 3.58433735e-01 2.11432507e-01 4.82954545e-01
  5.44442530e-01 4.51864725e-02 0.00000000e+00 7.81250000e-01
  6.21775803e-02 1.17218470e-01 0.00000000e+00 2.14285714e-01
  1.11987594e-03 1.56816070e-02 3.80425837e-02 9.77935537e-03
  1.67343421e-02 3.15113111e-04 1.08737054e-02 1.81114592e-02
  1.98336571e-03 1.00000000e+00 2.40000000e-01 9.00000000e-02
  2.00000000e-01 7.00000000e-02 4.10000000e-01 2.00000001e-01
  2.61488394e-01 0.00000000e+00 2.00000001e-01 6.08041392e-01
  1.31885788e-01 6.80222293e-01 0.00000000e+00 1.00000000e+00
  1.00000000e+00 0.00000000e+00 0.00000000e+00]
 [4.16666667e-01 3.58433735e-01 2.11432507e-01 4.82954545e-01
  5.44442530e-01 4.51864725e-02 0.00000000e+00 7.81250000e-01
  1.76470588e-01 1.17218470e-01 0.00000000e+00 2.14285714e-01
  1.11987594e-03 1.56816070e-02 3.80425837e-02 9.77935537e-03
  1.67343421e-02 3.15113111e-04 1.08737054e-02 1.81114592e-02
  1.98336571e-03 1.00000000e+00 2.40000000e-01 9.00000000e-02
  2.00000000e-01 7.00000000e-02 4.10000000e-01 2.00000001e-01
  2.61488394e-01 0.00000000e+00 0.00000000e+00 6.08041392e-01
  1.31885788e-01 6.80222293e-01 0.00000000e+00 1.00000000e+00
  1.00000000e+00 0.00000000e+00 0.00000000e+00]
 [4.16666667e-01 3.58433735e-01 2.11432507e-01 4.82954545e-01
  5.44442530e-01 4.51864725e-02 0.00000000e+00 7.81250000e-01
  1.76470588e-01 1.17218470e-01 0.00000000e+00 2.14285714e-01
  1.11987594e-03 1.56816070e-02 3.80425837e-02 0.00000000e+00
  1.67343421e-02 3.15113111e-04 1.08737054e-02 1.81114592e-02
  1.98336571e-03 1.00000000e+00 2.40000000e-01 9.00000000e-02
  2.00000000e-01 7.00000000e-02 4.10000000e-01 2.00000001e-01
  2.61488394e-01 0.00000000e+00 3.41838620e-02 6.08041392e-01
  1.31885788e-01 6.80222293e-01 0.00000000e+00 1.00000000e+00
  1.00000000e+00 0.00000000e+00 0.00000000e+00]]
 x_changes 
[[ 0.          0.          0.          0.          0.          0.
   0.          0.          0.          0.          0.          0.
   0.          0.          0.          0.          0.          0.
   0.          0.          0.          0.          0.          0.
   0.          0.          0.          0.          0.          0.
   0.2         0.          0.          0.          0.          0.
   0.          0.          0.        ]
 [ 0.          0.          0.          0.          0.          0.
   0.          0.          0.07325937  0.          0.          0.
   0.          0.          0.          0.          0.          0.
   0.          0.          0.          0.          0.          0.
   0.          0.          0.          0.          0.          0.
   0.          0.          0.          0.          0.          0.
   0.          0.          0.        ]
 [ 0.          0.          0.          0.          0.          0.
   0.          0.          0.07746417  0.          0.          0.
   0.          0.          0.          0.          0.          0.
   0.          0.          0.          0.          0.          0.
   0.          0.          0.          0.          0.          0.
   0.          0.          0.          0.          0.          0.
   0.          0.          0.        ]
 [ 0.          0.          0.          0.          0.          0.
   0.          0.          0.09054256  0.          0.          0.
   0.          0.          0.          0.          0.          0.
   0.          0.          0.          0.          0.          0.
   0.          0.          0.          0.          0.          0.
   0.          0.          0.          0.          0.          0.
   0.          0.          0.        ]
 [ 0.          0.          0.          0.          0.          0.
   0.          0.          0.          0.          0.          0.
   0.          0.          0.          0.          0.          0.
   0.          0.          0.          0.          0.          0.
   0.          0.          0.          0.          0.          0.
   0.2         0.          0.          0.          0.          0.
   0.          0.          0.        ]
 [ 0.          0.          0.          0.          0.          0.
   0.          0.          0.14705882  0.          0.          0.
   0.          0.          0.          0.          0.          0.
   0.          0.          0.          0.          0.          0.
   0.          0.          0.          0.          0.          0.
   0.          0.          0.          0.          0.          0.
   0.          0.          0.        ]
 [ 0.          0.          0.          0.          0.          0.
   0.          0.          0.          0.          0.          0.
   0.          0.          0.          0.          0.          0.
   0.          0.          0.          0.          0.          0.
   0.          0.          0.         -0.00350657  0.          0.
   0.2         0.          0.          0.          0.          0.
   0.          0.          0.        ]
 [ 0.          0.          0.          0.          0.          0.
   0.          0.          0.11429301  0.          0.          0.
   0.          0.          0.          0.          0.          0.
   0.          0.          0.          0.          0.          0.
   0.          0.          0.          0.          0.          0.
   0.          0.          0.          0.          0.          0.
   0.          0.          0.        ]
 [ 0.          0.          0.          0.          0.          0.
   0.          0.          0.          0.          0.          0.
   0.          0.          0.          0.          0.          0.
   0.          0.          0.          0.          0.          0.
   0.          0.          0.          0.          0.          0.
   0.2         0.          0.          0.          0.          0.
   0.          0.          0.        ]
 [ 0.          0.          0.          0.          0.          0.
   0.          0.          0.          0.          0.          0.
   0.          0.          0.          0.00977936  0.          0.
   0.          0.          0.          0.          0.          0.
   0.          0.          0.          0.          0.          0.
   0.16581614  0.          0.          0.          0.          0.
   0.          0.          0.        ]]
 x_success 
[[4.16666667e-01 3.58433735e-01 2.11432507e-01 4.82954545e-01
  5.44442530e-01 4.51864725e-02 0.00000000e+00 7.81250000e-01
  1.76470588e-01 1.17218470e-01 0.00000000e+00 2.14285714e-01
  1.11987594e-03 1.56816070e-02 3.80425837e-02 9.77935537e-03
  1.67343421e-02 3.15113111e-04 1.08737054e-02 1.81114592e-02
  1.98336571e-03 1.00000000e+00 2.40000000e-01 9.00000000e-02
  2.00000000e-01 7.00000000e-02 4.10000000e-01 2.00000001e-01
  2.61488394e-01 0.00000000e+00 0.00000000e+00 6.08041392e-01
  1.31885788e-01 6.80222293e-01 0.00000000e+00 1.00000000e+00
  1.00000000e+00 0.00000000e+00 0.00000000e+00]
 [4.16666667e-01 3.58433735e-01 2.11432507e-01 4.82954545e-01
  5.44442530e-01 4.51864725e-02 0.00000000e+00 7.81250000e-01
  1.03211217e-01 1.17218470e-01 0.00000000e+00 2.14285714e-01
  1.11987594e-03 1.56816070e-02 3.80425837e-02 9.77935537e-03
  1.67343421e-02 3.15113111e-04 1.08737054e-02 1.81114592e-02
  1.98336571e-03 1.00000000e+00 2.40000000e-01 9.00000000e-02
  2.00000000e-01 7.00000000e-02 4.10000000e-01 2.00000001e-01
  2.61488394e-01 0.00000000e+00 2.00000001e-01 6.08041392e-01
  1.31885788e-01 6.80222293e-01 0.00000000e+00 1.00000000e+00
  1.00000000e+00 0.00000000e+00 0.00000000e+00]
 [4.16666667e-01 3.58433735e-01 2.11432507e-01 4.82954545e-01
  5.44442530e-01 4.51864725e-02 0.00000000e+00 7.81250000e-01
  9.90064201e-02 1.17218470e-01 0.00000000e+00 2.14285714e-01
  1.11987594e-03 1.56816070e-02 3.80425837e-02 9.77935537e-03
  1.67343421e-02 3.15113111e-04 1.08737054e-02 1.81114592e-02
  1.98336571e-03 1.00000000e+00 2.40000000e-01 9.00000000e-02
  2.00000000e-01 7.00000000e-02 4.10000000e-01 2.00000001e-01
  2.61488394e-01 0.00000000e+00 2.00000001e-01 6.08041392e-01
  1.31885788e-01 6.80222293e-01 0.00000000e+00 1.00000000e+00
  1.00000000e+00 0.00000000e+00 0.00000000e+00]
 [4.16666667e-01 3.58433735e-01 2.11432507e-01 4.82954545e-01
  5.44442530e-01 4.51864725e-02 0.00000000e+00 7.81250000e-01
  8.59280237e-02 1.17218470e-01 0.00000000e+00 2.14285714e-01
  1.11987594e-03 1.56816070e-02 3.80425837e-02 9.77935537e-03
  1.67343421e-02 3.15113111e-04 1.08737054e-02 1.81114592e-02
  1.98336571e-03 1.00000000e+00 2.40000000e-01 9.00000000e-02
  2.00000000e-01 7.00000000e-02 4.10000000e-01 2.00000001e-01
  2.61488394e-01 0.00000000e+00 2.00000001e-01 6.08041392e-01
  1.31885788e-01 6.80222293e-01 0.00000000e+00 1.00000000e+00
  1.00000000e+00 0.00000000e+00 0.00000000e+00]
 [4.16666667e-01 3.58433735e-01 2.11432507e-01 4.82954545e-01
  5.44442530e-01 4.51864725e-02 0.00000000e+00 7.81250000e-01
  1.76470588e-01 1.17218470e-01 0.00000000e+00 2.14285714e-01
  1.11987594e-03 1.56816070e-02 3.80425837e-02 9.77935537e-03
  1.67343421e-02 3.15113111e-04 1.08737054e-02 1.81114592e-02
  1.98336571e-03 1.00000000e+00 2.40000000e-01 9.00000000e-02
  2.00000000e-01 7.00000000e-02 4.10000000e-01 2.00000001e-01
  2.61488394e-01 0.00000000e+00 0.00000000e+00 6.08041392e-01
  1.31885788e-01 6.80222293e-01 0.00000000e+00 1.00000000e+00
  1.00000000e+00 0.00000000e+00 0.00000000e+00]
 [4.16666667e-01 3.58433735e-01 2.11432507e-01 4.82954545e-01
  5.44442530e-01 4.51864725e-02 0.00000000e+00 7.81250000e-01
  2.94117647e-02 1.17218470e-01 0.00000000e+00 2.14285714e-01
  1.11987594e-03 1.56816070e-02 3.80425837e-02 9.77935537e-03
  1.67343421e-02 3.15113111e-04 1.08737054e-02 1.81114592e-02
  1.98336571e-03 1.00000000e+00 2.40000000e-01 9.00000000e-02
  2.00000000e-01 7.00000000e-02 4.10000000e-01 2.00000001e-01
  2.61488394e-01 0.00000000e+00 2.00000001e-01 6.08041392e-01
  1.31885788e-01 6.80222293e-01 0.00000000e+00 1.00000000e+00
  1.00000000e+00 0.00000000e+00 0.00000000e+00]
 [4.16666667e-01 3.58433735e-01 2.11432507e-01 4.82954545e-01
  5.44442530e-01 4.51864725e-02 0.00000000e+00 7.81250000e-01
  1.76470588e-01 1.17218470e-01 0.00000000e+00 2.14285714e-01
  1.11987594e-03 1.56816070e-02 3.80425837e-02 9.77935537e-03
  1.67343421e-02 3.15113111e-04 1.08737054e-02 1.81114592e-02
  1.98336571e-03 1.00000000e+00 2.40000000e-01 9.00000000e-02
  2.00000000e-01 7.00000000e-02 4.10000000e-01 2.03506575e-01
  2.61488394e-01 0.00000000e+00 0.00000000e+00 6.08041392e-01
  1.31885788e-01 6.80222293e-01 0.00000000e+00 1.00000000e+00
  1.00000000e+00 0.00000000e+00 0.00000000e+00]
 [4.16666667e-01 3.58433735e-01 2.11432507e-01 4.82954545e-01
  5.44442530e-01 4.51864725e-02 0.00000000e+00 7.81250000e-01
  6.21775803e-02 1.17218470e-01 0.00000000e+00 2.14285714e-01
  1.11987594e-03 1.56816070e-02 3.80425837e-02 9.77935537e-03
  1.67343421e-02 3.15113111e-04 1.08737054e-02 1.81114592e-02
  1.98336571e-03 1.00000000e+00 2.40000000e-01 9.00000000e-02
  2.00000000e-01 7.00000000e-02 4.10000000e-01 2.00000001e-01
  2.61488394e-01 0.00000000e+00 2.00000001e-01 6.08041392e-01
  1.31885788e-01 6.80222293e-01 0.00000000e+00 1.00000000e+00
  1.00000000e+00 0.00000000e+00 0.00000000e+00]
 [4.16666667e-01 3.58433735e-01 2.11432507e-01 4.82954545e-01
  5.44442530e-01 4.51864725e-02 0.00000000e+00 7.81250000e-01
  1.76470588e-01 1.17218470e-01 0.00000000e+00 2.14285714e-01
  1.11987594e-03 1.56816070e-02 3.80425837e-02 9.77935537e-03
  1.67343421e-02 3.15113111e-04 1.08737054e-02 1.81114592e-02
  1.98336571e-03 1.00000000e+00 2.40000000e-01 9.00000000e-02
  2.00000000e-01 7.00000000e-02 4.10000000e-01 2.00000001e-01
  2.61488394e-01 0.00000000e+00 0.00000000e+00 6.08041392e-01
  1.31885788e-01 6.80222293e-01 0.00000000e+00 1.00000000e+00
  1.00000000e+00 0.00000000e+00 0.00000000e+00]
 [4.16666667e-01 3.58433735e-01 2.11432507e-01 4.82954545e-01
  5.44442530e-01 4.51864725e-02 0.00000000e+00 7.81250000e-01
  1.76470588e-01 1.17218470e-01 0.00000000e+00 2.14285714e-01
  1.11987594e-03 1.56816070e-02 3.80425837e-02 0.00000000e+00
  1.67343421e-02 3.15113111e-04 1.08737054e-02 1.81114592e-02
  1.98336571e-03 1.00000000e+00 2.40000000e-01 9.00000000e-02
  2.00000000e-01 7.00000000e-02 4.10000000e-01 2.00000001e-01
  2.61488394e-01 0.00000000e+00 3.41838620e-02 6.08041392e-01
  1.31885788e-01 6.80222293e-01 0.00000000e+00 1.00000000e+00
  1.00000000e+00 0.00000000e+00 0.00000000e+00]]
 original instance 
[[4.16666667e-01]
 [3.58433735e-01]
 [2.11432507e-01]
 [4.82954545e-01]
 [5.44442530e-01]
 [4.51864725e-02]
 [0.00000000e+00]
 [7.81250000e-01]
 [1.76470588e-01]
 [1.17218470e-01]
 [0.00000000e+00]
 [2.14285714e-01]
 [1.11987594e-03]
 [1.56816070e-02]
 [3.80425837e-02]
 [9.77935537e-03]
 [1.67343421e-02]
 [3.15113111e-04]
 [1.08737054e-02]
 [1.81114592e-02]
 [1.98336571e-03]
 [1.00000000e+00]
 [2.40000000e-01]
 [9.00000000e-02]
 [2.00000000e-01]
 [7.00000000e-02]
 [4.10000000e-01]
 [2.00000001e-01]
 [2.61488394e-01]
 [0.00000000e+00]
 [2.00000001e-01]
 [6.08041392e-01]
 [1.31885788e-01]
 [6.80222293e-01]
 [0.00000000e+00]
 [1.00000000e+00]
 [1.00000000e+00]
 [0.00000000e+00]
 [0.00000000e+00]]