x_all 
[[4.16666667e-01 3.58433735e-01 2.11432507e-01 4.82954545e-01
  5.44442530e-01 4.51864725e-02 0.00000000e+00 7.81250000e-01
  1.76470588e-01 1.17218470e-01 0.00000000e+00 2.14285714e-01
  1.11987594e-03 3.51218485e-01 3.80425837e-02 9.77935537e-03
  1.67343421e-02 3.15113111e-04 1.08737054e-02 1.81114592e-02
  1.98336571e-03 1.00000000e+00 2.40000000e-01 9.00000000e-02
  2.00000000e-01 7.00000000e-02 4.10000000e-01 2.00000001e-01
  2.61488394e-01 0.00000000e+00 2.00000001e-01 6.08041392e-01
  1.31885788e-01 6.80222293e-01 0.00000000e+00 1.00000000e+00
  1.00000000e+00 0.00000000e+00 0.00000000e+00]
 [4.16666667e-01 3.58433735e-01 2.11432507e-01 4.82954545e-01
  5.44442530e-01 4.51864725e-02 0.00000000e+00 7.81250000e-01
  1.76470588e-01 1.17218470e-01 1.70648721e-01 2.14285714e-01
  1.11987594e-03 1.56816070e-02 3.80425837e-02 9.77935537e-03
  1.67343421e-02 3.15113111e-04 1.08737054e-02 1.81114592e-02
  1.98336571e-03 1.00000000e+00 2.40000000e-01 9.00000000e-02
  2.00000000e-01 7.00000000e-02 4.10000000e-01 2.00000001e-01
  2.61488394e-01 0.00000000e+00 2.00000001e-01 6.08041392e-01
  1.31885788e-01 6.80222293e-01 0.00000000e+00 1.00000000e+00
  1.00000000e+00 0.00000000e+00 0.00000000e+00]
 [4.16666667e-01 3.58433735e-01 2.11432507e-01 4.82954545e-01
  5.44442530e-01 4.51864725e-02 0.00000000e+00 7.81250000e-01
  1.76470588e-01 1.17218470e-01 0.00000000e+00 2.14285714e-01
  1.11987594e-03 1.56816070e-02 3.80425837e-02 7.62753212e-01
  1.67343421e-02 3.15113111e-04 1.08737054e-02 1.81114592e-02
  1.98336571e-03 1.00000000e+00 2.40000000e-01 9.00000000e-02
  2.00000000e-01 7.00000000e-02 4.10000000e-01 2.00000001e-01
  2.61488394e-01 0.00000000e+00 2.00000001e-01 6.08041392e-01
  1.31885788e-01 6.80222293e-01 0.00000000e+00 1.00000000e+00
  1.00000000e+00 0.00000000e+00 0.00000000e+00]
 [4.16666667e-01 3.58433735e-01 2.11432507e-01 4.82954545e-01
  5.44442530e-01 4.51864725e-02 0.00000000e+00 7.81250000e-01
  1.76470588e-01 1.17218470e-01 0.00000000e+00 2.14285714e-01
  1.11987594e-03 1.56816070e-02 3.80425837e-02 5.10411010e-01
  1.67343421e-02 3.15113111e-04 7.53488628e-04 1.81114592e-02
  1.98336571e-03 1.00000000e+00 2.40000000e-01 9.00000000e-02
  2.00000000e-01 7.00000000e-02 4.10000000e-01 2.00000001e-01
  2.61488394e-01 0.00000000e+00 2.00000001e-01 6.08041392e-01
  1.31885788e-01 6.80222293e-01 0.00000000e+00 1.00000000e+00
  1.00000000e+00 0.00000000e+00 0.00000000e+00]
 [4.16666667e-01 3.58433735e-01 2.11432507e-01 4.82954545e-01
  5.44442530e-01 4.51864725e-02 0.00000000e+00 7.81250000e-01
  1.76470588e-01 1.17218470e-01 0.00000000e+00 2.14285714e-01
  1.11987594e-03 1.56816070e-02 3.25525736e-01 9.77935537e-03
  1.67343421e-02 3.15113111e-04 1.08737054e-02 1.81114592e-02
  1.98336571e-03 1.00000000e+00 2.40000000e-01 9.00000000e-02
  4.40000000e-01 7.00000000e-02 4.10000000e-01 2.00000001e-01
  2.61488394e-01 0.00000000e+00 2.00000001e-01 6.08041392e-01
  1.31885788e-01 6.80222293e-01 0.00000000e+00 1.00000000e+00
  1.00000000e+00 0.00000000e+00 0.00000000e+00]
 [4.16666667e-01 3.58433735e-01 2.11432507e-01 4.82954545e-01
  5.44442530e-01 4.51864725e-02 0.00000000e+00 7.81250000e-01
  1.76470588e-01 1.17218470e-01 0.00000000e+00 2.14285714e-01
  1.11987594e-03 1.56816070e-02 3.80425837e-02 9.77935537e-03
  1.21081864e-01 3.15113111e-04 1.08737054e-02 1.81114592e-02
  1.98336571e-03 1.00000000e+00 2.40000000e-01 9.00000000e-02
  2.00000000e-01 7.00000000e-02 4.10000000e-01 2.00000001e-01
  2.61488394e-01 0.00000000e+00 2.00000001e-01 6.08041392e-01
  1.31885788e-01 6.80222293e-01 0.00000000e+00 1.00000000e+00
  1.00000000e+00 0.00000000e+00 1.00000000e+00]
 [4.16666667e-01 3.58433735e-01 2.11432507e-01 4.82954545e-01
  5.44442530e-01 4.51864725e-02 0.00000000e+00 7.81250000e-01
  1.76470588e-01 1.17218470e-01 0.00000000e+00 2.14285714e-01
  1.11987594e-03 1.56816070e-02 3.80425837e-02 5.80487827e-01
  1.67343421e-02 3.15113111e-04 1.08737054e-02 1.81114592e-02
  1.98336571e-03 1.00000000e+00 2.40000000e-01 9.00000000e-02
  2.00000000e-01 7.00000000e-02 4.10000000e-01 2.00000001e-01
  2.61488394e-01 0.00000000e+00 2.00000001e-01 6.08041392e-01
  1.31885788e-01 6.80222293e-01 0.00000000e+00 1.00000000e+00
  1.00000000e+00 0.00000000e+00 0.00000000e+00]
 [4.16666667e-01 3.58433735e-01 2.11432507e-01 4.82954545e-01
  5.44442530e-01 4.51864725e-02 0.00000000e+00 7.81250000e-01
  1.76470588e-01 1.17218470e-01 0.00000000e+00 2.14285714e-01
  1.11987594e-03 1.56816070e-02 1.47123800e-01 3.80985174e-01
  1.67343421e-02 3.15113111e-04 1.08737054e-02 1.81114592e-02
  1.98336571e-03 1.00000000e+00 2.40000000e-01 9.00000000e-02
  2.00000000e-01 7.00000000e-02 4.10000000e-01 2.00000001e-01
  2.61488394e-01 0.00000000e+00 2.00000001e-01 6.08041392e-01
  1.31885788e-01 6.80222293e-01 0.00000000e+00 1.00000000e+00
  1.00000000e+00 0.00000000e+00 0.00000000e+00]
 [4.16666667e-01 3.58433735e-01 2.11432507e-01 4.82954545e-01
  5.44442530e-01 4.51864725e-02 0.00000000e+00 7.81250000e-01
  1.76470588e-01 1.17218470e-01 0.00000000e+00 2.14285714e-01
  1.11987594e-03 3.15107582e-01 3.80425837e-02 9.77935537e-03
  1.67343421e-02 3.15113111e-04 1.08737054e-02 1.81114592e-02
  1.98336571e-03 1.00000000e+00 2.40000000e-01 9.00000000e-02
  2.00000000e-01 7.00000000e-02 4.10000000e-01 2.00000001e-01
  2.61488394e-01 0.00000000e+00 2.00000001e-01 6.08041392e-01
  1.31885788e-01 6.80222293e-01 0.00000000e+00 1.00000000e+00
  1.00000000e+00 0.00000000e+00 0.00000000e+00]
 [4.16666667e-01 3.58433735e-01 2.11432507e-01 4.82954545e-01
  5.44442530e-01 4.51864725e-02 0.00000000e+00 7.81250000e-01
  1.76470588e-01 1.17218470e-01 0.00000000e+00 2.14285714e-01
  1.11987594e-03 1.56816070e-02 3.80425837e-02 9.77935537e-03
  1.67343421e-02 3.15113111e-04 1.08737054e-02 9.99879860e-01
  1.98336571e-03 0.00000000e+00 2.40000000e-01 9.00000000e-02
  2.00000000e-01 7.00000000e-02 4.10000000e-01 2.00000001e-01
  2.61488394e-01 0.00000000e+00 2.00000001e-01 6.08041392e-01
  1.31885788e-01 6.80222293e-01 0.00000000e+00 1.00000000e+00
  1.00000000e+00 0.00000000e+00 0.00000000e+00]]
 x_changes 
[[ 0.          0.          0.          0.          0.          0.
   0.          0.          0.          0.          0.          0.
   0.         -0.33553688  0.          0.          0.          0.
   0.          0.          0.          0.          0.          0.
   0.          0.          0.          0.          0.          0.
   0.          0.          0.          0.          0.          0.
   0.          0.          0.        ]
 [ 0.          0.          0.          0.          0.          0.
   0.          0.          0.          0.         -0.17064872  0.
   0.          0.          0.          0.          0.          0.
   0.          0.          0.          0.          0.          0.
   0.          0.          0.          0.          0.          0.
   0.          0.          0.          0.          0.          0.
   0.          0.          0.        ]
 [ 0.          0.          0.          0.          0.          0.
   0.          0.          0.          0.          0.          0.
   0.          0.          0.         -0.75297386  0.          0.
   0.          0.          0.          0.          0.          0.
   0.          0.          0.          0.          0.          0.
   0.          0.          0.          0.          0.          0.
   0.          0.          0.        ]
 [ 0.          0.          0.          0.          0.          0.
   0.          0.          0.          0.          0.          0.
   0.          0.          0.         -0.50063165  0.          0.
   0.01012022  0.          0.          0.          0.          0.
   0.          0.          0.          0.          0.          0.
   0.          0.          0.          0.          0.          0.
   0.          0.          0.        ]
 [ 0.          0.          0.          0.          0.          0.
   0.          0.          0.          0.          0.          0.
   0.          0.         -0.28748315  0.          0.          0.
   0.          0.          0.          0.          0.          0.
  -0.24        0.          0.          0.          0.          0.
   0.          0.          0.          0.          0.          0.
   0.          0.          0.        ]
 [ 0.          0.          0.          0.          0.          0.
   0.          0.          0.          0.          0.          0.
   0.          0.          0.          0.         -0.10434752  0.
   0.          0.          0.          0.          0.          0.
   0.          0.          0.          0.          0.          0.
   0.          0.          0.          0.          0.          0.
   0.          0.         -1.        ]
 [ 0.          0.          0.          0.          0.          0.
   0.          0.          0.          0.          0.          0.
   0.          0.          0.         -0.57070847  0.          0.
   0.          0.          0.          0.          0.          0.
   0.          0.          0.          0.          0.          0.
   0.          0.          0.          0.          0.          0.
   0.          0.          0.        ]
 [ 0.          0.          0.          0.          0.          0.
   0.          0.          0.          0.          0.          0.
   0.          0.         -0.10908122 -0.37120582  0.          0.
   0.          0.          0.          0.          0.          0.
   0.          0.          0.          0.          0.          0.
   0.          0.          0.          0.          0.          0.
   0.          0.          0.        ]
 [ 0.          0.          0.          0.          0.          0.
   0.          0.          0.          0.          0.          0.
   0.         -0.29942598  0.          0.          0.          0.
   0.          0.          0.          0.          0.          0.
   0.          0.          0.          0.          0.          0.
   0.          0.          0.          0.          0.          0.
   0.          0.          0.        ]
 [ 0.          0.          0.          0.          0.          0.
   0.          0.          0.          0.          0.          0.
   0.          0.          0.          0.          0.          0.
   0.         -0.9817684   0.          1.          0.          0.
   0.          0.          0.          0.          0.          0.
   0.          0.          0.          0.          0.          0.
   0.          0.          0.        ]]
 x_success 
[[4.16666667e-01 3.58433735e-01 2.11432507e-01 4.82954545e-01
  5.44442530e-01 4.51864725e-02 0.00000000e+00 7.81250000e-01
  1.76470588e-01 1.17218470e-01 0.00000000e+00 2.14285714e-01
  1.11987594e-03 3.51218485e-01 3.80425837e-02 9.77935537e-03
  1.67343421e-02 3.15113111e-04 1.08737054e-02 1.81114592e-02
  1.98336571e-03 1.00000000e+00 2.40000000e-01 9.00000000e-02
  2.00000000e-01 7.00000000e-02 4.10000000e-01 2.00000001e-01
  2.61488394e-01 0.00000000e+00 2.00000001e-01 6.08041392e-01
  1.31885788e-01 6.80222293e-01 0.00000000e+00 1.00000000e+00
  1.00000000e+00 0.00000000e+00 0.00000000e+00]
 [4.16666667e-01 3.58433735e-01 2.11432507e-01 4.82954545e-01
  5.44442530e-01 4.51864725e-02 0.00000000e+00 7.81250000e-01
  1.76470588e-01 1.17218470e-01 1.70648721e-01 2.14285714e-01
  1.11987594e-03 1.56816070e-02 3.80425837e-02 9.77935537e-03
  1.67343421e-02 3.15113111e-04 1.08737054e-02 1.81114592e-02
  1.98336571e-03 1.00000000e+00 2.40000000e-01 9.00000000e-02
  2.00000000e-01 7.00000000e-02 4.10000000e-01 2.00000001e-01
  2.61488394e-01 0.00000000e+00 2.00000001e-01 6.08041392e-01
  1.31885788e-01 6.80222293e-01 0.00000000e+00 1.00000000e+00
  1.00000000e+00 0.00000000e+00 0.00000000e+00]
 [4.16666667e-01 3.58433735e-01 2.11432507e-01 4.82954545e-01
  5.44442530e-01 4.51864725e-02 0.00000000e+00 7.81250000e-01
  1.76470588e-01 1.17218470e-01 0.00000000e+00 2.14285714e-01
  1.11987594e-03 1.56816070e-02 3.80425837e-02 7.62753212e-01
  1.67343421e-02 3.15113111e-04 1.08737054e-02 1.81114592e-02
  1.98336571e-03 1.00000000e+00 2.40000000e-01 9.00000000e-02
  2.00000000e-01 7.00000000e-02 4.10000000e-01 2.00000001e-01
  2.61488394e-01 0.00000000e+00 2.00000001e-01 6.08041392e-01
  1.31885788e-01 6.80222293e-01 0.00000000e+00 1.00000000e+00
  1.00000000e+00 0.00000000e+00 0.00000000e+00]
 [4.16666667e-01 3.58433735e-01 2.11432507e-01 4.82954545e-01
  5.44442530e-01 4.51864725e-02 0.00000000e+00 7.81250000e-01
  1.76470588e-01 1.17218470e-01 0.00000000e+00 2.14285714e-01
  1.11987594e-03 1.56816070e-02 3.80425837e-02 5.10411010e-01
  1.67343421e-02 3.15113111e-04 7.53488628e-04 1.81114592e-02
  1.98336571e-03 1.00000000e+00 2.40000000e-01 9.00000000e-02
  2.00000000e-01 7.00000000e-02 4.10000000e-01 2.00000001e-01
  2.61488394e-01 0.00000000e+00 2.00000001e-01 6.08041392e-01
  1.31885788e-01 6.80222293e-01 0.00000000e+00 1.00000000e+00
  1.00000000e+00 0.00000000e+00 0.00000000e+00]
 [4.16666667e-01 3.58433735e-01 2.11432507e-01 4.82954545e-01
  5.44442530e-01 4.51864725e-02 0.00000000e+00 7.81250000e-01
  1.76470588e-01 1.17218470e-01 0.00000000e+00 2.14285714e-01
  1.11987594e-03 1.56816070e-02 3.25525736e-01 9.77935537e-03
  1.67343421e-02 3.15113111e-04 1.08737054e-02 1.81114592e-02
  1.98336571e-03 1.00000000e+00 2.40000000e-01 9.00000000e-02
  4.40000000e-01 7.00000000e-02 4.10000000e-01 2.00000001e-01
  2.61488394e-01 0.00000000e+00 2.00000001e-01 6.08041392e-01
  1.31885788e-01 6.80222293e-01 0.00000000e+00 1.00000000e+00
  1.00000000e+00 0.00000000e+00 0.00000000e+00]
 [4.16666667e-01 3.58433735e-01 2.11432507e-01 4.82954545e-01
  5.44442530e-01 4.51864725e-02 0.00000000e+00 7.81250000e-01
  1.76470588e-01 1.17218470e-01 0.00000000e+00 2.14285714e-01
  1.11987594e-03 1.56816070e-02 3.80425837e-02 9.77935537e-03
  1.21081864e-01 3.15113111e-04 1.08737054e-02 1.81114592e-02
  1.98336571e-03 1.00000000e+00 2.40000000e-01 9.00000000e-02
  2.00000000e-01 7.00000000e-02 4.10000000e-01 2.00000001e-01
  2.61488394e-01 0.00000000e+00 2.00000001e-01 6.08041392e-01
  1.31885788e-01 6.80222293e-01 0.00000000e+00 1.00000000e+00
  1.00000000e+00 0.00000000e+00 1.00000000e+00]
 [4.16666667e-01 3.58433735e-01 2.11432507e-01 4.82954545e-01
  5.44442530e-01 4.51864725e-02 0.00000000e+00 7.81250000e-01
  1.76470588e-01 1.17218470e-01 0.00000000e+00 2.14285714e-01
  1.11987594e-03 1.56816070e-02 3.80425837e-02 5.80487827e-01
  1.67343421e-02 3.15113111e-04 1.08737054e-02 1.81114592e-02
  1.98336571e-03 1.00000000e+00 2.40000000e-01 9.00000000e-02
  2.00000000e-01 7.00000000e-02 4.10000000e-01 2.00000001e-01
  2.61488394e-01 0.00000000e+00 2.00000001e-01 6.08041392e-01
  1.31885788e-01 6.80222293e-01 0.00000000e+00 1.00000000e+00
  1.00000000e+00 0.00000000e+00 0.00000000e+00]
 [4.16666667e-01 3.58433735e-01 2.11432507e-01 4.82954545e-01
  5.44442530e-01 4.51864725e-02 0.00000000e+00 7.81250000e-01
  1.76470588e-01 1.17218470e-01 0.00000000e+00 2.14285714e-01
  1.11987594e-03 1.56816070e-02 1.47123800e-01 3.80985174e-01
  1.67343421e-02 3.15113111e-04 1.08737054e-02 1.81114592e-02
  1.98336571e-03 1.00000000e+00 2.40000000e-01 9.00000000e-02
  2.00000000e-01 7.00000000e-02 4.10000000e-01 2.00000001e-01
  2.61488394e-01 0.00000000e+00 2.00000001e-01 6.08041392e-01
  1.31885788e-01 6.80222293e-01 0.00000000e+00 1.00000000e+00
  1.00000000e+00 0.00000000e+00 0.00000000e+00]
 [4.16666667e-01 3.58433735e-01 2.11432507e-01 4.82954545e-01
  5.44442530e-01 4.51864725e-02 0.00000000e+00 7.81250000e-01
  1.76470588e-01 1.17218470e-01 0.00000000e+00 2.14285714e-01
  1.11987594e-03 3.15107582e-01 3.80425837e-02 9.77935537e-03
  1.67343421e-02 3.15113111e-04 1.08737054e-02 1.81114592e-02
  1.98336571e-03 1.00000000e+00 2.40000000e-01 9.00000000e-02
  2.00000000e-01 7.00000000e-02 4.10000000e-01 2.00000001e-01
  2.61488394e-01 0.00000000e+00 2.00000001e-01 6.08041392e-01
  1.31885788e-01 6.80222293e-01 0.00000000e+00 1.00000000e+00
  1.00000000e+00 0.00000000e+00 0.00000000e+00]
 [4.16666667e-01 3.58433735e-01 2.11432507e-01 4.82954545e-01
  5.44442530e-01 4.51864725e-02 0.00000000e+00 7.81250000e-01
  1.76470588e-01 1.17218470e-01 0.00000000e+00 2.14285714e-01
  1.11987594e-03 1.56816070e-02 3.80425837e-02 9.77935537e-03
  1.67343421e-02 3.15113111e-04 1.08737054e-02 9.99879860e-01
  1.98336571e-03 0.00000000e+00 2.40000000e-01 9.00000000e-02
  2.00000000e-01 7.00000000e-02 4.10000000e-01 2.00000001e-01
  2.61488394e-01 0.00000000e+00 2.00000001e-01 6.08041392e-01
  1.31885788e-01 6.80222293e-01 0.00000000e+00 1.00000000e+00
  1.00000000e+00 0.00000000e+00 0.00000000e+00]]
 original instance 
[[4.16666667e-01]
 [3.58433735e-01]
 [2.11432507e-01]
 [4.82954545e-01]
 [5.44442530e-01]
 [4.51864725e-02]
 [0.00000000e+00]
 [7.81250000e-01]
 [1.76470588e-01]
 [1.17218470e-01]
 [0.00000000e+00]
 [2.14285714e-01]
 [1.11987594e-03]
 [1.56816070e-02]
 [3.80425837e-02]
 [9.77935537e-03]
 [1.67343421e-02]
 [3.15113111e-04]
 [1.08737054e-02]
 [1.81114592e-02]
 [1.98336571e-03]
 [1.00000000e+00]
 [2.40000000e-01]
 [9.00000000e-02]
 [2.00000000e-01]
 [7.00000000e-02]
 [4.10000000e-01]
 [2.00000001e-01]
 [2.61488394e-01]
 [0.00000000e+00]
 [2.00000001e-01]
 [6.08041392e-01]
 [1.31885788e-01]
 [6.80222293e-01]
 [0.00000000e+00]
 [1.00000000e+00]
 [1.00000000e+00]
 [0.00000000e+00]
 [0.00000000e+00]]