x_all 
[[ 1 36  2 40  1  1  3  4  4 30  3  1  1  2  1  0  0  1  0  0]
 [ 1 36  2 40  1  1  3  3  2 30  3  1  1  2  1  0  0  1  0  1]
 [ 1 36  2 40  1  1  3  3  2 30  3  1  1  2  1  0  0  1  0  1]
 [ 1 36  2 40  1  1  3  3  2 30  3  1  1  2  1  0  0  1  0  1]
 [ 1 36  2 40  1  1  3  3  4 30  3  1  1  2  1  0  0  1  0  1]
 [ 1 36  2 40  1  1  3  3  2 30  3  1  1  2  1  0  0  1  0  1]
 [ 1 36  2 40  1  1  3  3  2 30  3  1  1  2  1  0  0  1  0  1]
 [ 1 36  2 40  1  1  3  3  2 30  3  1  1  2  1  0  0  1  0  1]
 [ 1 36  2 40  1  1  3  3  2 30  3  1  1  2  1  0  0  1  0  1]
 [ 1 36  2 40  1  1  3  3  2 30  3  1  1  2  1  0  0  1  0  1]]
 x_changes 
[[ 0  0  0  0  0  0  0 -1 -2  0  0  0  0  0  0  0  0  0  0  0]
 [ 0  0  0  0  0  0  0  0  0  0  0  0  0  0  0  0  0  0  0 -1]
 [ 0  0  0  0  0  0  0  0  0  0  0  0  0  0  0  0  0  0  0 -1]
 [ 0  0  0  0  0  0  0  0  0  0  0  0  0  0  0  0  0  0  0 -1]
 [ 0  0  0  0  0  0  0  0 -2  0  0  0  0  0  0  0  0  0  0 -1]
 [ 0  0  0  0  0  0  0  0  0  0  0  0  0  0  0  0  0  0  0 -1]
 [ 0  0  0  0  0  0  0  0  0  0  0  0  0  0  0  0  0  0  0 -1]
 [ 0  0  0  0  0  0  0  0  0  0  0  0  0  0  0  0  0  0  0 -1]
 [ 0  0  0  0  0  0  0  0  0  0  0  0  0  0  0  0  0  0  0 -1]
 [ 0  0  0  0  0  0  0  0  0  0  0  0  0  0  0  0  0  0  0 -1]]
 x_success 
[[ 1 36  2 40  1  1  3  4  4 30  3  1  1  2  1  0  0  1  0  0]
 [ 1 36  2 40  1  1  3  3  2 30  3  1  1  2  1  0  0  1  0  1]
 [ 1 36  2 40  1  1  3  3  2 30  3  1  1  2  1  0  0  1  0  1]
 [ 1 36  2 40  1  1  3  3  2 30  3  1  1  2  1  0  0  1  0  1]
 [ 1 36  2 40  1  1  3  3  4 30  3  1  1  2  1  0  0  1  0  1]
 [ 1 36  2 40  1  1  3  3  2 30  3  1  1  2  1  0  0  1  0  1]
 [ 1 36  2 40  1  1  3  3  2 30  3  1  1  2  1  0  0  1  0  1]
 [ 1 36  2 40  1  1  3  3  2 30  3  1  1  2  1  0  0  1  0  1]
 [ 1 36  2 40  1  1  3  3  2 30  3  1  1  2  1  0  0  1  0  1]
 [ 1 36  2 40  1  1  3  3  2 30  3  1  1  2  1  0  0  1  0  1]]
 original instance 
[[ 1]
 [36]
 [ 2]
 [40]
 [ 1]
 [ 1]
 [ 3]
 [ 3]
 [ 2]
 [30]
 [ 3]
 [ 1]
 [ 1]
 [ 2]
 [ 1]
 [ 0]
 [ 0]
 [ 1]
 [ 0]
 [ 0]]