x_all 
[[0.02       1.         1.         0.07692308 0.88082469 0.20299789
  0.09009009 0.2        2.         0.         1.         0.
  0.         1.        ]
 [0.02       0.         1.         0.07692308 0.16008769 0.20299789
  0.09009009 0.2        2.         0.         1.         0.
  0.         1.        ]
 [0.02       1.         1.         0.07692308 0.86555879 0.20299789
  0.09009009 0.2        2.         0.         1.         0.
  0.         1.        ]
 [0.02       0.         1.         0.07692308 0.16008769 0.20299789
  0.09009009 0.2        2.         0.         1.         0.
  0.         1.        ]
 [0.02       1.         1.         0.07692308 0.88058877 0.20299789
  0.09009009 0.2        2.         0.         1.         0.
  0.         1.        ]
 [0.02       1.         1.         0.07692308 0.86943137 0.20299789
  0.09009009 0.2        2.         0.         1.         0.
  0.         1.        ]
 [0.02       0.         1.         0.07692308 0.16008769 0.20299789
  0.09009009 0.2        2.         0.         1.         0.
  0.         1.        ]
 [0.02       1.         1.         0.07692308 0.88287319 0.20299789
  0.09009009 0.2        2.         0.         1.         0.
  0.         1.        ]
 [0.02       0.         1.         0.07692308 0.16008769 0.20299789
  0.09009009 0.2        2.         0.         1.         0.
  0.         1.        ]
 [0.02       0.25       1.         0.07692308 0.16008769 0.20299789
  0.09009009 0.2        2.         0.         1.         0.
  0.         1.        ]]
 x_changes 
[[ 0.          0.          0.          0.         -0.720737    0.
   0.          0.          0.          0.          0.          0.
   0.          0.        ]
 [ 0.          1.          0.          0.          0.          0.
   0.          0.          0.          0.          0.          0.
   0.          0.        ]
 [ 0.          0.          0.          0.         -0.7054711   0.
   0.          0.          0.          0.          0.          0.
   0.          0.        ]
 [ 0.          1.          0.          0.          0.          0.
   0.          0.          0.          0.          0.          0.
   0.          0.        ]
 [ 0.          0.          0.          0.         -0.72050108  0.
   0.          0.          0.          0.          0.          0.
   0.          0.        ]
 [ 0.          0.          0.          0.         -0.70934368  0.
   0.          0.          0.          0.          0.          0.
   0.          0.        ]
 [ 0.          1.          0.          0.          0.          0.
   0.          0.          0.          0.          0.          0.
   0.          0.        ]
 [ 0.          0.          0.          0.         -0.72278549  0.
   0.          0.          0.          0.          0.          0.
   0.          0.        ]
 [ 0.          1.          0.          0.          0.          0.
   0.          0.          0.          0.          0.          0.
   0.          0.        ]
 [ 0.          0.75        0.          0.          0.          0.
   0.          0.          0.          0.          0.          0.
   0.          0.        ]]
 x_success 
[[0.02       1.         1.         0.07692308 0.88082469 0.20299789
  0.09009009 0.2        2.         0.         1.         0.
  0.         1.        ]
 [0.02       0.         1.         0.07692308 0.16008769 0.20299789
  0.09009009 0.2        2.         0.         1.         0.
  0.         1.        ]
 [0.02       1.         1.         0.07692308 0.86555879 0.20299789
  0.09009009 0.2        2.         0.         1.         0.
  0.         1.        ]
 [0.02       0.         1.         0.07692308 0.16008769 0.20299789
  0.09009009 0.2        2.         0.         1.         0.
  0.         1.        ]
 [0.02       1.         1.         0.07692308 0.88058877 0.20299789
  0.09009009 0.2        2.         0.         1.         0.
  0.         1.        ]
 [0.02       1.         1.         0.07692308 0.86943137 0.20299789
  0.09009009 0.2        2.         0.         1.         0.
  0.         1.        ]
 [0.02       0.         1.         0.07692308 0.16008769 0.20299789
  0.09009009 0.2        2.         0.         1.         0.
  0.         1.        ]
 [0.02       1.         1.         0.07692308 0.88287319 0.20299789
  0.09009009 0.2        2.         0.         1.         0.
  0.         1.        ]
 [0.02       0.         1.         0.07692308 0.16008769 0.20299789
  0.09009009 0.2        2.         0.         1.         0.
  0.         1.        ]
 [0.02       0.25       1.         0.07692308 0.16008769 0.20299789
  0.09009009 0.2        2.         0.         1.         0.
  0.         1.        ]]
 original instance 
[[0.02      ]
 [1.        ]
 [1.        ]
 [0.07692308]
 [0.16008769]
 [0.20299789]
 [0.09009009]
 [0.2       ]
 [2.        ]
 [0.        ]
 [1.        ]
 [0.        ]
 [0.        ]
 [1.        ]]