x_all 
[[0.02       0.         1.         0.07692308 0.16008769 0.20299789
  0.09009009 0.2        2.         0.         1.         0.
  0.         1.        ]
 [0.02       0.5        1.         0.07692308 0.16008769 0.20299789
  0.09009009 0.2        2.         0.         1.         0.
  0.         1.        ]
 [0.02       0.5        1.         0.07692308 0.16008769 0.20299789
  0.09009009 0.2        2.         0.         1.         0.
  0.         1.        ]
 [0.02       0.5        1.         0.07692308 0.16008769 0.20299789
  0.09009009 0.2        2.         0.         1.         0.
  0.         1.        ]
 [0.02       0.5        1.         0.07692308 0.16008769 0.20299789
  0.09009009 0.2        2.         0.         1.         0.
  0.         1.        ]
 [0.02       0.5        1.         0.07692308 0.16008769 0.20299789
  0.09009009 0.2        2.         0.         1.         0.
  0.         1.        ]
 [0.02       0.25       1.         0.07692308 0.16008769 0.20299789
  0.09009009 0.2        2.         0.         1.         0.
  0.         1.        ]
 [0.02       0.5        1.         0.07692308 0.16008769 0.20299789
  0.09009009 0.2        2.         0.         1.         0.
  0.         1.        ]
 [0.02       0.5        1.         0.07692308 0.16008769 0.20299789
  0.09009009 0.2        2.         0.         1.         0.
  0.         1.        ]
 [0.02       0.5        1.         0.07692308 0.16008769 0.20299789
  0.09009009 0.2        2.         0.         1.         0.
  0.         1.        ]]
 x_changes 
[[0.   1.   0.   0.   0.   0.   0.   0.   0.   0.   0.   0.   0.   0.  ]
 [0.   0.5  0.   0.   0.   0.   0.   0.   0.   0.   0.   0.   0.   0.  ]
 [0.   0.5  0.   0.   0.   0.   0.   0.   0.   0.   0.   0.   0.   0.  ]
 [0.   0.5  0.   0.   0.   0.   0.   0.   0.   0.   0.   0.   0.   0.  ]
 [0.   0.5  0.   0.   0.   0.   0.   0.   0.   0.   0.   0.   0.   0.  ]
 [0.   0.5  0.   0.   0.   0.   0.   0.   0.   0.   0.   0.   0.   0.  ]
 [0.   0.75 0.   0.   0.   0.   0.   0.   0.   0.   0.   0.   0.   0.  ]
 [0.   0.5  0.   0.   0.   0.   0.   0.   0.   0.   0.   0.   0.   0.  ]
 [0.   0.5  0.   0.   0.   0.   0.   0.   0.   0.   0.   0.   0.   0.  ]
 [0.   0.5  0.   0.   0.   0.   0.   0.   0.   0.   0.   0.   0.   0.  ]]
 x_success 
[[0.02       0.         1.         0.07692308 0.16008769 0.20299789
  0.09009009 0.2        2.         0.         1.         0.
  0.         1.        ]
 [0.02       0.5        1.         0.07692308 0.16008769 0.20299789
  0.09009009 0.2        2.         0.         1.         0.
  0.         1.        ]
 [0.02       0.5        1.         0.07692308 0.16008769 0.20299789
  0.09009009 0.2        2.         0.         1.         0.
  0.         1.        ]
 [0.02       0.5        1.         0.07692308 0.16008769 0.20299789
  0.09009009 0.2        2.         0.         1.         0.
  0.         1.        ]
 [0.02       0.5        1.         0.07692308 0.16008769 0.20299789
  0.09009009 0.2        2.         0.         1.         0.
  0.         1.        ]
 [0.02       0.5        1.         0.07692308 0.16008769 0.20299789
  0.09009009 0.2        2.         0.         1.         0.
  0.         1.        ]
 [0.02       0.25       1.         0.07692308 0.16008769 0.20299789
  0.09009009 0.2        2.         0.         1.         0.
  0.         1.        ]
 [0.02       0.5        1.         0.07692308 0.16008769 0.20299789
  0.09009009 0.2        2.         0.         1.         0.
  0.         1.        ]
 [0.02       0.5        1.         0.07692308 0.16008769 0.20299789
  0.09009009 0.2        2.         0.         1.         0.
  0.         1.        ]
 [0.02       0.5        1.         0.07692308 0.16008769 0.20299789
  0.09009009 0.2        2.         0.         1.         0.
  0.         1.        ]]
 original instance 
[[0.02      ]
 [1.        ]
 [1.        ]
 [0.07692308]
 [0.16008769]
 [0.20299789]
 [0.09009009]
 [0.2       ]
 [2.        ]
 [0.        ]
 [1.        ]
 [0.        ]
 [0.        ]
 [1.        ]]