x_all 
[[0.02       1.         1.         0.07692308 0.16008769 0.20299789
  0.09009009 0.2        2.         0.         1.         0.
  0.         1.        ]
 [0.02       1.         1.         0.07692308 0.16008769 0.20299789
  0.09009009 0.2        2.         0.         1.         0.
  0.         1.        ]
 [0.02       1.         1.         0.07692308 0.16008769 0.20299789
  0.09009009 0.2        2.         0.         1.         0.
  0.         1.        ]
 [0.02       1.         1.         0.07692308 0.16008769 0.20299789
  0.09009009 0.2        2.         0.         1.         0.
  0.         1.        ]
 [0.02       1.         1.         0.07692308 0.16008769 0.20299789
  0.09009009 0.2        2.         0.         1.         0.
  0.         1.        ]
 [0.02       1.         1.         0.07692308 0.16008769 0.20299789
  0.09009009 0.2        2.         0.         1.         0.
  0.         1.        ]
 [0.02       1.         1.         0.07692308 0.16008769 0.20258423
  0.09009009 0.2        2.         0.         1.         0.
  0.         1.        ]
 [0.02       1.         1.         0.07692308 0.16008769 0.20299789
  0.09009009 0.19545455 2.         0.         1.         0.
  0.         1.        ]
 [0.02       1.         1.         0.07692308 0.16008769 0.20299789
  0.09009009 0.2        2.         0.         1.         0.
  0.         1.        ]
 [0.02       1.         1.         0.07692308 0.16005317 0.20299789
  0.09009009 0.2        2.         0.         1.         0.
  0.         1.        ]]
 x_changes 
[]
 x_success 
[]
 original instance 
[[0.02      ]
 [1.        ]
 [1.        ]
 [0.07692308]
 [0.16008769]
 [0.20299789]
 [0.09009009]
 [0.2       ]
 [2.        ]
 [0.        ]
 [1.        ]
 [0.        ]
 [0.        ]
 [1.        ]]