x_all 
[[20000     1     1     2    33     1     2     2     2     2     0 17971
  17399 19057 18453 19755 19288     0  2260     0  1600     0   644]
 [20000     1     1     2    33     1     2     2     2     2     0 17971
  17399 19057 18453 19755 19288     0  2260     0  1600     0   644]
 [20000     1     1     2    33     1     2     2     2     2     0 17971
  17399 19057 18453 19755 19288     0  2260     0  1600     0   644]
 [20000     1     1     2    33     1     2     2     2     2    -1 17971
  17399 19057 18453 19755 19288     0  2260     0  1600     0   644]
 [20000     1     1     2    33     1     2     2     2     2     0 17971
  17399 19057 18453 19755 19288     0  2260     0  1600     0   644]
 [20000     1     1     2    33     1     2     2     2     2    -1 17971
  17399 19057 18453 19755 19288     0  2260     0  1600     0   644]
 [20000     1     1     2    33     1     2     2     2     2     0 17971
  17399 19057 18453 19755 19288     0  2260     0  1600     0   644]
 [20000     1     1     2    33     1     2     2     2     2     0 17971
  17399 19057 18453 19755 19288     0  2260     0  1600     0   644]
 [20000     1     1     2    33     1     2     2     2     2    -2 17971
  17399 19057 18453 19755 19288     0  2260     0  1600     0   644]
 [20000     1     1     2    33     1     2     2     2     2     0 17971
  17399 19057 18453 19755 19288     0  2260     0  1600     0   644]]
 x_changes 
[[0 0 0 0 0 0 0 0 0 0 2 0 0 0 0 0 0 0 0 0 0 0 0]
 [0 0 0 0 0 0 0 0 0 0 2 0 0 0 0 0 0 0 0 0 0 0 0]
 [0 0 0 0 0 0 0 0 0 0 2 0 0 0 0 0 0 0 0 0 0 0 0]
 [0 0 0 0 0 0 0 0 0 0 3 0 0 0 0 0 0 0 0 0 0 0 0]
 [0 0 0 0 0 0 0 0 0 0 2 0 0 0 0 0 0 0 0 0 0 0 0]
 [0 0 0 0 0 0 0 0 0 0 3 0 0 0 0 0 0 0 0 0 0 0 0]
 [0 0 0 0 0 0 0 0 0 0 2 0 0 0 0 0 0 0 0 0 0 0 0]
 [0 0 0 0 0 0 0 0 0 0 2 0 0 0 0 0 0 0 0 0 0 0 0]
 [0 0 0 0 0 0 0 0 0 0 4 0 0 0 0 0 0 0 0 0 0 0 0]
 [0 0 0 0 0 0 0 0 0 0 2 0 0 0 0 0 0 0 0 0 0 0 0]]
 x_success 
[[20000     1     1     2    33     1     2     2     2     2     0 17971
  17399 19057 18453 19755 19288     0  2260     0  1600     0   644]
 [20000     1     1     2    33     1     2     2     2     2     0 17971
  17399 19057 18453 19755 19288     0  2260     0  1600     0   644]
 [20000     1     1     2    33     1     2     2     2     2     0 17971
  17399 19057 18453 19755 19288     0  2260     0  1600     0   644]
 [20000     1     1     2    33     1     2     2     2     2    -1 17971
  17399 19057 18453 19755 19288     0  2260     0  1600     0   644]
 [20000     1     1     2    33     1     2     2     2     2     0 17971
  17399 19057 18453 19755 19288     0  2260     0  1600     0   644]
 [20000     1     1     2    33     1     2     2     2     2    -1 17971
  17399 19057 18453 19755 19288     0  2260     0  1600     0   644]
 [20000     1     1     2    33     1     2     2     2     2     0 17971
  17399 19057 18453 19755 19288     0  2260     0  1600     0   644]
 [20000     1     1     2    33     1     2     2     2     2     0 17971
  17399 19057 18453 19755 19288     0  2260     0  1600     0   644]
 [20000     1     1     2    33     1     2     2     2     2    -2 17971
  17399 19057 18453 19755 19288     0  2260     0  1600     0   644]
 [20000     1     1     2    33     1     2     2     2     2     0 17971
  17399 19057 18453 19755 19288     0  2260     0  1600     0   644]]
 original instance 
[[20000]
 [    1]
 [    1]
 [    2]
 [   33]
 [    1]
 [    2]
 [    2]
 [    2]
 [    2]
 [    2]
 [17971]
 [17399]
 [19057]
 [18453]
 [19755]
 [19288]
 [    0]
 [ 2260]
 [    0]
 [ 1600]
 [    0]
 [  644]]